20708
20709
20710
20711
20712
20713
20714
20715
20716
20717
20718
20719
20720
20721
20722
21921
21922
21926
21927
21931
21932
21936
21937
21941
21942
21946
21947
21951
21952
21956
21957
21961
21962
21966
21967
21971
21972
21976
21977
21981
21982
21986
21987
21991
21992
21996
22001
22002
22006
22007
22011
22012
22016
22017
22021
22022
22026
22027
22031
22032
22036
22037
22041
22042
22046
22047
22051
22052
22056
22057
22061
22062
22066
22067
22071
22072
22076
22081
22082
22086
22087
22091
22092
22096
22097
22101
22102
22106
22107
22111
22112
22116
22117
22121
22122
22126
22127
22131
22132
22136
22137
22141
22142
22146
22147
22151
22152
22156
22157
22161
22162
22166
22167
22171
22172
22176
22177
22181
22182
22186
22187
22191
22192
22196
22197
22201
22202
22206
22207
22211
22212
22216
22217
22221
22222
22226
22227
22231
22232
22236
22237
22241
22242
22246
22247
22251
22252
22256
22257
22261
22262
22266
22267
22272
22276
22277
22281
22282
22286
22287
22292
22296
22297
22301
22302
22306
22307
22311
22312
22316
22317
22321
22322
22326
22327
22331
22332
22336
22337
22341
22342
22346
22347
22351
22352
22356
22357
22361
22362
22366
22367
22371
22372
22376
22377
22381
22382
22386
22387
22391
22392
22396
22397
22401
22402
22406
22407
22411
22412
22416
22417
22421
22422
22426
22427
22431
22432
22436
22437
22441
22442
22446
22447
22451
22452
22456
22457
22461
22462
22466
22467
22471
22472
22476
22477
22481
22482
22486
22487
22491
22492
22496
22497
22501
22502
22506
22507
22511
22512
22516
22517
22521
22522
22526
22527
22531
22532
22536
22537
22541
22542
22546
22547
22551
22552
22556
22557
22561
22562
22566
22567
22571
22572
22576
22577
22581
22582
22586
22587
22591
22592
22596
22597
22601
22602
22606
22607
22611
22612
22616
22617
22621
22622
22626
22627
22631
22632
22636
22637
22641
22642
22646
22647
22651
22652
22656
22657
22661
22666
22667
22671
22672
22676
22677
22681
22682
22686
22687
22691
22692
22696
22697
22701
22702
22706
22707
23347
23348
23352
23353
23357
23358
23362
23363
23367
23368
23372
23373
23377
23378
23382
23383
23407
23408
23412
23413
23417
23418
23422
23423
23427
23428
23432
23433
23437
23438
23442
23443
23447
23448
23452
23453
23457
23458
23462
23463
23467
23468
23472
23473
23477
23478
23482
23483
23487
23488
23492
23493
23497
23498
23502
23503
23507
23508
23512
23513
23517
23518
23522
23523
23527
23528
23532
23533
23537
23538
23542
23543
23547
23548
23552
23553
23557
23558
23562
23563
23567
23568
23572
23573
23577
23578
23582
23583
23587
23588
23592
23593
23597
23598
23602
23603
23607
23608
23612
23613
23617
23618
23622
23623
23627
23628
23632
23633
23637
23638
23642
23643
23647
23648
23652
23653
23657
23658
23662
23663
23667
23668
23672
23673
23677
23678
23682
23683
23687
23688
23692
23693
23697
23698
23702
23703
23707
23708
23712
23713
23717
23718
23722
23723
23727
23728